16
9 8 1 4 7 6 2 7 3 7 1 10 2 9 1 5 
1 4 9 5 2 1 1 5 3 5 4 7 2 1 8 9 
8 6 7 6 8 6 1 10 3 2 8 9 6 8 8 9 
2 5 4 2 7 3 7 3 6 10 5 3 3 1 1 2 
4 5 6 8 3 6 2 1 4 6 7 1 6 1 1 2 
7 5 4 9 10 6 6 3 1 9 6 4 10 2 2 6 
3 7 8 9 8 9 2 3 7 10 9 7 4 1 9 1 
5 10 10 6 3 5 9 5 1 5 1 9 4 6 10 9 
3 9 9 4 1 5 8 3 7 3 9 2 2 6 7 3 
10 8 1 3 9 1 10 4 9 1 2 2 8 6 4 1 
10 3 9 10 3 8 4 5 1 2 1 3 1 3 6 10 
3 1 7 2 3 7 2 6 5 2 4 5 1 7 6 9 
1 4 1 10 3 2 1 3 9 5 10 2 5 3 1 10 
3 9 10 6 4 7 1 8 10 7 5 3 4 9 4 7 
1 4 4 5 9 8 1 9 5 8 4 6 10 10 10 6 
4 9 5 3 7 2 4 7 2 3 8 8 8 10 5 10 
